$ANSIBLE_VAULT;1.1;AES256
64363139393563343665383036373433633535653935353335333431663330376136633635353766
6332323062333130393437636537363230336330616461320a383663616331646237356239396335
32336234303565666462383037313438633165653261623036333535373838333335636365303361
6331326538646462640a393665363466363633376161626236336164303436623934383263346461
65393939356432633437386237333733656263323963343630653531643031333631353135653763
62393031653463636239313161616665633534633066353836383464323632356333306561336665
36613134656365316238366661336335653563656536663961653966316164393337363837663937
31643235306632623734313063323033373663663638323266616162303536313137656237653038
62353035363039363763626666633331383462326366643030333363653233326261333861303730
66303738356333333233383261376364366466313566643739316365616131346465633066313637
38643830626234326330653534316131613862353763393162373865333335636136613638613638
36643237386138623435393161353238643631653465393461633435663637343236623039613436
6232
