$ANSIBLE_VAULT;1.1;AES256
61616436663632643163353832666361366464323331653961633163613239633964386264616362
6663656539336364343266376534323463326433643132620a636134626238643563316532333266
61653963353537306461663230393230336434653365316531633964333762646235623463396463
3335373139393263390a653335656236363361376130383361363630303736653166373334376531
62306632373639356139333964383536643764666132653431393365666230633266313638323434
64633339393534633164663762383537383764373231626264346336343333646338363062333830
38646436643838656536366131373161363139653230393734373930303466633434303065383536
65313533666233316565633162383331316165323433333266326437663866663330303231393133
62336338393130666565373333653965313136633730666433366564663062633362646562656362
61643439636663636132346439386430663936333235623361303064313338373536303932623934
39626366633333623331356337326235643563653830343064343138663064386139323932386132
36356637653261353961316137383832653037326538613266666538623562666439663237373937
30303531313237346637613137633138653565333765353538313833666466613564323266646366
64623331313431393037666162393666313633343764353732303332343661303662343538353266
36396630653166663235633836656632613033643034373263333534306264616536326434336633
35633163613137376534323139616538373861633536656131333538383466626362353936643334
33303930316564616133333862393432326363396238613064666461336437333962
